0 LEGO Logo for Studs - Non-3D Outlined
0 Name: logo2.dat
0 Author: J.C. Tchang [tchang]
0 !LDRAW_ORG Unofficial_Primitive
0 !LICENSE Redistributable under CCAL version 2.0 : see CAreadme.txt

0 BFC CERTIFY CCW

0 !HISTORY 2010-06-21 [tchang]  New Primitive
0 !HISTORY 2014-01-02 [Steffen] uploaded to parts tracker

0 // L
1 16 2.25 0 -3.3 0.25 0 0 0 1 0 0 0 0.25 2-4edge.dat
1 16 2.25 0 -4.4 0 0 0.25 0 1 0 -0.25 0 0 1-4edge.dat
2 24 2.5 0 -3.3 2.5 0 -4.4
2 24 2 0 -3.3 2 0 -4.0845
1 16 -1.95 0 -3.3 0 0 -0.25 0 1 0 0.25 0 0 2-4edge.dat
2 24 2 0 -4.0845 -1.95 0 -3.05
2 24 2.25 0 -4.65 -1.95 0 -3.55

0 // E
1 16 -1.95 0 -0.1 0.25 0 0 0 1 0 0 0 0.25 2-4edge.dat
1 16 0.1 0 -1 0.25 0 0 0 1 0 0 0 0.25 2-4edge.dat
1 16 2.25 0 -1.2 0.25 0 0 0 1 0 0 0 0.25 2-4edge.dat
1 16 2.25 0 -2.3 0 0 0.25 0 1 0 -0.25 0 0 1-4edge.dat
1 16 -1.95 0 -1.2 -0.25 0 0 0 1 0 0 0 -0.25 1-4edge.dat
2 24 2.25 0 -2.55 -1.95 0 -1.45
2 24 -1.7 0 -1.0155 -0.15 0 -1.4214
2 24 0.35 0 -1.5524 2 0 -1.9845
2 24 -2.2 0 -1.2 -2.2 0 -0.1
2 24 -1.7 0 -1.0155 -1.7 0 -0.1
2 24 -0.15 0 -1.4214 -0.15 0 -1
2 24 0.35 0 -1.5524 0.35 0 -1
2 24 2 0 -1.9845 2 0 -1.2
2 24 2.5 0 -2.3 2.5 0 -1.2

0 // G
1 16 1.5 0 0.5 -0.129 0 0.483 0 1 0 -0.483 0 -0.129 2-4edge.dat
1 16 1.5 0 0.5 0.259 0 0.966 0 1 0 0.966 0 -0.259 2-4edge.dat
1 16 -1.194 0 1.222 0.129 0 -0.483 0 1 0 0.483 0 0.129 2-4edge.dat
1 16 -1.194 0 1.222 -0.259 0 -0.966 0 1 0 -0.966 0 0.259 2-4edge.dat
1 16 0.1 0 0.85 -0.25 0 0 0 1 0 0 0 -0.25 2-4edge.dat
1 16 -1.0009 0 1.9461 -0.065 0 0.241 0 1 0 -0.241 0 -0.065 2-4edge.dat
1 16 0.1 0 1.6511 0 0 -0.25 0 1 0 0.259 0 0 1-4edge.dat
2 24 -1.3242 0 0.7396 1.3707 0 0.0175
2 24 -1.4536 0 0.2566 1.2413 0 -0.4655
2 24 0.1 0 1.9099 1.7587 0 1.4655
2 24 0.35 0 1.3253 1.6293 0 0.9825
2 24 0.35 0 1.3253 0.35 0 0.85
2 24 -0.15 0 0.85 -0.15 0 1.6511

0 // O
1 16 1.5 0 2.9 -0.129 0 0.483 0 1 0 -0.483 0 -0.129 2-4edge.dat
1 16 1.5 0 2.9 0.259 0 0.966 0 1 0 0.966 0 -0.259 2-4edge.dat
1 16 -1.194 0 3.622 0.129 0 -0.483 0 1 0 0.483 0 0.129 2-4edge.dat
1 16 -1.194 0 3.622 -0.259 0 -0.966 0 1 0 -0.966 0 0.259 2-4edge.dat
2 24 -1.3242 0 3.1396 1.3707 0 2.4175
2 24 -1.4536 0 2.6566 1.2413 0 1.9345
2 24 -0.9362 0 4.5876 1.7587 0 3.8655
2 24 -1.0656 0 4.1046 1.6293 0 3.3825